   1.87712848134626      -2.577842852864543E-002  1.084202172485504E-019
 -1.928402493752691E-019  2.371692252312041E-019  2.371692252312041E-020
  4.382037570350742E-021 -1.355252715606881E-020 -5.989498730703928E-004
  1.897353801849633E-019  9.486769009248164E-019 -1.836367429647323E-018
 -1.395715450553825E-018  2.993626014665074E-002 -3.686287386450715E-018
  8.402566836762659E-018 -3.144186300207963E-018  5.581067949248697E-019
  4.649046006913337E-003  5.421010862427522E-020  2.409874512222510E-020
  5.421010862427522E-020 -5.293955920339377E-023  3.589191981294754E-022
  8.470329472543003E-022  2.123203060840244E-003 -2.638507630697146E-019
  7.428478947420214E-019 -5.277015261394291E-019 -2.632106767088038E-019
 -4.383317746074790E-003  4.878909776184770E-019 -2.791820594150174E-018
  3.306816626080789E-018  2.296715260188088E-018  0.877668158389279     
 -1.622335254775824E-015 -4.390335328830258E-016 -5.753255202169355E-002
  4.396865177952427E-017  1.184661138351347E-017  3.333433373735583E-019
 -6.290258881861765E-019  5.932039387575593E-019  6.051752958657381E-004
 -4.735361769262964E-019 -3.112453704198581E-017  1.807692932941439E-017
 -4.847899369513741E-017 -6.290724130023960E-002  4.704900338750016E-017
  0.821793286177407      -7.650130529057719E-016  4.393729303997507E-017
 -4.378650694495390E-002  2.011195029960611E-017 -2.890076416031673E-018
  8.186790921405521E-004 -2.854501032246992E-018  3.882799030213713E-018
  1.735054815198011E-018  1.235990476633475E-016 -3.498240528105721E-002
  1.225690555994863E-016 -1.638771583711840E-016 -7.426851963208189E-017
  0.821793286177407       1.181998813506495E-017  2.009209044359846E-017
 -4.378650694495387E-002  1.153761750830423E-018 -6.414497825624961E-019
 -8.186790921405507E-004 -2.569361436299511E-018 -1.242356629522429E-018
 -4.933288400788538E-017  2.748965272076480E-017  3.498240528105716E-002
  1.143935227113441E-016  5.329628423025499E-017  1.314697207870742E-003
 -1.690163709490042E-018 -4.469701419922196E-019 -2.891489274391602E-019
  4.229438994172837E-019 -4.862176016830721E-019 -5.834894964276104E-004
  4.368723542536860E-019  7.043673646099362E-019 -6.268190689899599E-019
  1.125244061304937E-018  1.463629034835094E-003 -1.084903686025302E-018
  8.318504226877067E-004 -7.589415207398531E-019  2.065278083642798E-018
 -5.983890821313780E-004  2.039972974343576E-018 -2.772338836363325E-018
 -1.232834989929385E-018 -3.594807828147251E-018  1.038424062685026E-003
 -3.548221016048264E-018  4.810300107457172E-018  2.141400285638438E-018
  8.318504226877063E-004 -8.910277240385545E-019  4.690984347260062E-019
  5.983890821313771E-004  1.969327822757487E-018  9.278704438457622E-019
  1.532420252961693E-018 -8.156614858885510E-019 -1.038424062685024E-003
 -3.447593437183804E-018 -1.608571343034826E-018   2.00131889341366     
 -1.427408229536776E-014 -4.665211181270473E-015  1.092823503700083E-015
  1.554913991802009E-014 -1.477595199812280E-002  3.394890285477628E-017
  9.215224415856264E-018 -1.034143480360732E-018 -2.419851956693955E-017
   2.00107418817818      -1.230232908393258E-014  1.963696025885201E-014
  9.441796551185291E-015  3.395272276069937E-017 -9.318613390152606E-003
  2.865647253498419E-017 -4.558614935262170E-017 -2.110422069938563E-017
   2.00107418817818       1.552652556243898E-014  2.043708920270004E-014
  9.202065006778176E-018  2.867032469300912E-017 -9.318613390152584E-003
 -3.560998644575767E-017 -3.740760850129369E-017   2.00060754263178     
 -2.387554385931352E-014 -1.035805700941029E-018 -4.558221774367735E-017
 -3.562341603002068E-017 -8.342200609403215E-003  3.987866431497064E-017
   2.00079599101745      -2.423530668684004E-017 -2.110297884789364E-017
 -3.740772780782848E-017  3.988254632146873E-017 -6.439089210654073E-003
  2.976564179802670E-002 -7.585761323476789E-017 -1.067165950087793E-017
  9.902057351029608E-018  4.087016853452083E-017  9.844113629399433E-003
 -6.079501783081885E-017  1.027924220862573E-016  4.400384070255794E-017
  9.844113629399402E-003  9.161604915150827E-017  7.050498434410449E-017
  2.159322460694180E-002 -9.091166058013185E-017  5.641059749546769E-003
   1.87712848134626      -2.577842852864543E-002 -5.421010862427522E-019
  1.928453041340541E-019 -2.371692252312041E-019 -3.388131789017201E-021
 -4.382077748169788E-021  1.355252715606881E-020 -5.989498730703926E-004
  1.897353801849633E-019  9.486769009248164E-019 -1.836367429647323E-018
 -1.395729704328641E-018  2.993626014665073E-002 -3.686287386450715E-018
  8.402566836762659E-018 -3.144186300207963E-018  5.581034125123970E-019
  4.649046006913337E-003 -5.421010862427522E-020 -2.409836350925041E-020
 -5.421010862427522E-020 -2.646977960169689E-022 -3.590030794829205E-022
 -8.470329472543003E-022  2.123203060840244E-003 -2.638507630697146E-019
  7.428478947420214E-019 -5.277015261394291E-019 -2.631902308212798E-019
 -4.383317746074789E-003  4.878909776184770E-019 -2.791820594150174E-018
  3.333921680392926E-018  2.188299104231432E-018  0.877668158389278     
 -1.622335301025616E-015 -4.390336111943040E-016 -5.753255202169355E-002
  4.396865153458428E-017  1.184661482181684E-017 -3.358845047957567E-019
  6.290159954642258E-019 -5.931992949377050E-019 -6.051752958657382E-004
  4.735324326890172E-019  3.112453829095794E-017 -1.807692842576629E-017
  4.847899482212186E-017  6.290724130023959E-002 -4.704900668948043E-017
  0.821793286177407      -7.650130529057719E-016  4.393729303997507E-017
 -4.378650694495390E-002  2.011195029960611E-017  2.890076416031673E-018
 -8.186790921405521E-004  2.854501032246992E-018 -3.882799030213713E-018
 -1.735040170363543E-018 -1.235990476633475E-016  3.498240528105721E-002
 -1.225690555994863E-016  1.638771583711840E-016  7.426851818860624E-017
  0.821793286177407       1.181998542765385E-017  2.009209098206220E-017
 -4.378650694495387E-002 -1.152067727390470E-018  6.414436584965266E-019
  8.186790921405506E-004  2.569356985523465E-018  1.242364313939245E-018
  4.933288478105860E-017 -2.727281172686650E-017 -3.498240528105716E-002
 -1.143935197070219E-016 -5.329626145928228E-017  1.314697207870742E-003
 -1.690163772722331E-018 -4.469701468650532E-019  2.892118188904729E-019
 -4.229499897213283E-019  4.860135879130685E-019  5.834894964276105E-004
 -4.368629460915856E-019 -7.043679281337808E-019  6.268185766096373E-019
 -1.126938185879344E-018 -1.463629034835095E-003  1.084901323623095E-018
  8.318504226877066E-004 -7.589415207398531E-019 -2.065278083642798E-018
  5.983890821313781E-004 -2.039972974343576E-018  2.772444715481732E-018
  1.232945650368371E-018  3.594807828147251E-018 -1.038424062685026E-003
  3.548221016048264E-018 -4.810300107457172E-018 -2.141398587358831E-018
  8.318504226877063E-004  8.914492081802774E-019 -4.688904466774108E-019
 -5.983890821313771E-004 -1.969116024075949E-018 -9.278378823571344E-019
 -1.531573568862533E-018  8.156611810816847E-019  1.038424062685024E-003
  3.447594375607786E-018  1.608568589815583E-018   2.00131889341366     
 -1.427408228832332E-014 -4.665211180117816E-015  1.092823502640732E-015
  1.554914330387715E-014 -1.477595199812280E-002  3.394888925983593E-017
  9.215232709632055E-018 -1.034144100258881E-018 -2.419850948910148E-017
   2.00107418817818      -1.230232908392802E-014  1.963696025881929E-014
  9.441796548055121E-015  3.395272255598043E-017 -9.318613390152608E-003
  2.865308480089733E-017 -4.558614964212210E-017 -2.110421424860206E-017
   2.00107418817818       1.552652556158163E-014  2.043708919992370E-014
  9.202064122992501E-018  2.866692304499424E-017 -9.318613390152582E-003
 -3.560998633391007E-017 -3.740760642979352E-017   2.00060754263178     
 -2.387554385884193E-014 -1.035273605382534E-018 -4.557882524173055E-017
 -3.562341930187823E-017 -8.342200609403216E-003  3.987865912721323E-017
   2.00079599101745      -2.423530668684004E-017 -2.110297884789364E-017
 -3.740793956606529E-017  3.988169928852148E-017 -6.439089210654073E-003
  2.976564179802670E-002 -7.585761230537772E-017 -1.067166151561203E-017
  1.001048088877405E-017  4.087017551820818E-017  9.844113629399433E-003
 -6.078824159006108E-017  1.027924216526220E-016  4.400383994711671E-017
  9.844113629399402E-003  9.161605211256154E-017  7.050498737281941E-017
  2.159322460694179E-002 -9.091504716757934E-017  5.641059749546769E-003
