   1.80044790412133      -0.397043934082049      -1.295751563678541E-017
  1.734723475976807E-017  3.469446951953614E-018  7.121496925915734E-018
 -1.431146867680866E-017 -2.602085213965211E-018  2.763822142433988E-002
 -3.221836135970472E-019  0.000000000000000E+000 -6.505213034913027E-019
  7.304204429691163E-019 -1.626303258728257E-019  3.252606517456513E-019
   8.05989155861529      -1.820765760385257E-014  3.962108419131027E-015
  -12.8264712484598       1.448841047135829E-014 -3.108624468950438E-015
   8.05989155861529      -9.121542631164606E-015  1.449252038382476E-014
  -12.8264712484598       7.301535685017928E-015   8.05989155861529     
 -3.104018094341169E-015  7.281086247117556E-015  -12.8264712484598     
   5.20340346849221      -1.182387521225792E-014  2.456368441983159E-015
   5.20340346849221      -5.926795984374104E-015   5.20340346849221     
   1.80075245106118      -0.398079616822664       7.755142483591651E-018
 -1.908195823574488E-017  0.000000000000000E+000 -8.860368001749293E-018
  1.344410693882025E-017  2.602085213965211E-018  2.773820895650792E-002
  7.466272151180846E-019  2.168404344971009E-019  6.505213034913027E-019
 -6.800844160436009E-019  2.710505431213761E-019 -3.252606517456513E-019
   8.07518162599570      -1.822153539166038E-014  4.003741782554471E-015
  -12.8586375932058       1.451616604697392E-014 -3.122502256758253E-015
   8.07518162599570      -9.163173282446198E-015  1.453599502616686E-014
  -12.8586375932058       7.315408008869697E-015   8.07518162599570     
 -3.118503302983331E-015  7.323783115511900E-015  -12.8586375932058     
   5.21911904683600      -1.186550857568136E-014  2.428612866367530E-015
   5.21911904683601      -5.940662577950785E-015   5.21911904683600     
