   1.73771081043442      -8.006030710436687E-002 -6.041303349113244E-018
  1.149254302834635E-017  2.818925648462312E-018  1.434775168263604E-019
 -4.336808689942018E-019 -2.168404344971009E-019 -5.421010862427522E-020
  8.549465948319332E-020  9.757819552369540E-019  4.065758146820642E-020
  0.000000000000000E+000 -5.637851296924623E-018  2.212546698924328E-018
 -4.878909776184770E-019  3.415236843329339E-018  4.391018798566293E-018
  3.645743006435452E-003 -4.070036895057467E-019  3.659182332138577E-019
 -8.131516293641283E-020  8.172656204639973E-021 -4.235164736271502E-020
 -1.863472483959461E-020 -2.541098841762901E-020  1.106820524940409E-020
 -2.795208725939191E-020  3.684593320556206E-020  4.065758146820642E-020
 -3.371191130072115E-019 -5.159044704940598E-020 -7.182839392716467E-019
  5.044081200899359E-019  4.607859233063394E-019   1.03778099472318     
 -2.308916946525130E-015  5.629177679544739E-016 -6.513001678043420E-002
  7.318364664277155E-017 -1.631724269590684E-017 -1.431824494038669E-017
 -3.018559495778401E-018 -6.884683795282953E-018  1.941992438169934E-017
 -4.399709116696403E-003  6.904199434387692E-016  1.405988844755887E-016
  2.970713952610282E-016 -9.114210037727832E-016  0.223042235438588     
   1.03778099472319      -1.175117483249311E-015  7.323663610326752E-017
 -6.513001678043422E-002  3.707718170702182E-017  3.650588427567391E-018
 -1.408039138606647E-018 -4.399709116696409E-003 -7.914884516307736E-018
 -5.091777799380946E-018 -1.834342554487290E-016  6.935662289153776E-017
  0.223042235438589       3.857781092560258E-016  2.226579323405832E-016
   1.03778099472318      -1.645027315488536E-017  3.702766858110245E-017
 -6.513001678043419E-002  1.381720177047132E-017 -4.399709116696411E-003
  1.499423935498015E-017 -1.745497737888408E-017 -6.663613103732049E-018
 -6.749407856237069E-016  0.223042235438589      -7.246864871233219E-016
  8.507082461378271E-016  3.270174029429561E-016  1.312520015820543E-003
 -2.978167842546120E-018  6.064755902340790E-019  9.948084328146537E-018
  1.969471126514287E-018  4.390171765619039E-018 -1.319939382640257E-017
  3.133079337142416E-003 -2.436744382661171E-017 -4.797489266226353E-018
 -1.038631799923223E-017  3.202504518626421E-017 -7.798991990966624E-003
  1.312520015820543E-003 -1.487321502558344E-018 -2.502870138547969E-018
  9.612580105078154E-019  3.133079337142419E-003  5.158134412754483E-018
  3.049381221014944E-018  6.229396047835345E-018 -2.363563342832047E-018
 -7.798991990966635E-003 -1.273957665696041E-017 -7.295885654009939E-018
  1.312520015820543E-003 -9.381094495511239E-018  3.133079337142422E-003
 -1.012941243170324E-017  1.188589531082998E-017  4.488765563218756E-018
  2.310870365770577E-017 -7.798991990966639E-003  2.496630952793357E-017
 -2.930816985300052E-017 -1.112555318830588E-017   2.00090992884748     
 -1.193458722974454E-014 -3.380045422463888E-015  4.191125178358692E-015
  1.289498547478989E-014 -1.024595340405396E-002  4.116976489505461E-017
  1.150622844352828E-017 -1.040915366698698E-017 -4.404032401618481E-017
   2.00096282119375      -9.395220841275972E-015  1.562697860653037E-014
  7.164410920399529E-015  4.116495420361174E-017 -1.377101901691222E-002
  3.242442122089462E-017 -5.346133149890242E-017 -2.474691458698164E-017
   2.00096282119374       1.042322756316203E-014  1.392159648515552E-014
  1.150068547850361E-017  3.245879872055897E-017 -1.377101901691219E-002
 -3.263314635397182E-017 -4.791468530439838E-017   2.00090992884748     
 -2.184205941209697E-014 -1.045944599498417E-017 -5.345745676348789E-017
 -3.263484084163935E-017 -1.024595340405394E-002  7.054386211842976E-017
   2.00096282119374      -4.404314073955201E-017 -2.476536745011983E-017
 -4.790466328273460E-017  7.053604696152639E-017 -1.377101901691216E-002
  5.891763514514536E-003 -1.274598631943643E-016 -3.356756674448918E-017
  9.964076766861313E-018  1.333991350603318E-016  2.130571913763683E-002
 -1.000718605204121E-016  1.626303258728257E-016  7.708338633193035E-017
  2.130571913763679E-002  8.313812981355837E-017  1.482574520382943E-016
  5.891763514514522E-003 -1.937952611838955E-016  2.130571913763675E-002
   1.73777425388687      -8.005033361714474E-002  6.041324595804431E-018
 -1.149254302834635E-017 -1.084202172485504E-018 -1.434902002204217E-019
  4.336808689942018E-019  2.168404344971009E-019  0.000000000000000E+000
  5.838726720853217E-020  9.757819552369540E-019 -2.710505431213761E-020
 -5.421010862427522E-020 -3.469446951953614E-018  2.104109778398221E-018
 -3.794707603699266E-019  1.626303258728257E-019  4.553649124439119E-018
  3.645513230146116E-003  4.340965360671547E-019 -3.388131789017201E-019
  8.131516293641283E-020 -1.155980383245514E-020  4.235164736271502E-020
  1.863472483959461E-020 -2.541098841762901E-020  9.796405038171510E-021
 -2.795208725939191E-020  3.006966962752766E-020  4.023406499457927E-020
 -3.405072447962287E-019 -2.449163304581443E-020 -7.453889935837843E-019
  5.213487790350219E-019  4.336808689942018E-019   1.03779430728117     
 -2.308916946525130E-015  5.620504062164855E-016 -6.512068857937978E-002
  7.315654158845941E-017 -1.637145280453112E-017  1.433179746754276E-017
  3.086428520534686E-018  6.857578740970816E-018 -1.943686504064443E-017
  4.409109944552793E-003 -6.912873051767576E-016 -1.412498427944796E-016
 -2.985892783025079E-016  9.123832332008641E-016 -0.223092428748659     
   1.03779430728117      -1.175117587661187E-015  7.331729536371684E-017
 -6.512068857937978E-002  3.707718077593082E-017 -3.635341626443045E-018
  1.462294439489917E-018  4.409109944552799E-003  7.943684149153454E-018
  5.037488867049392E-018  1.824585831343644E-016 -7.022407860007478E-017
 -0.223092428748660      -3.849107523556392E-016 -2.226574235190728E-016
   1.03779430728117      -1.650428666371882E-017  3.702727398011781E-017
 -6.512068857937976E-002 -1.384769618168868E-017  4.409109944552803E-003
 -1.502168038536379E-017  1.745837639408760E-017  6.690701110722372E-018
  6.758083758344530E-016 -0.223092428748660       7.242540713473979E-016
 -8.507083548347442E-016 -3.261498486735017E-016  1.312224317743623E-003
 -2.978167842546120E-018  6.064755902340790E-019 -9.997635755560914E-018
 -1.984047154840282E-018 -4.413041655194905E-018  1.326461536334115E-017
 -3.148468881002672E-003  2.434033877229957E-017  4.797499689073924E-018
  1.039140019691576E-017 -3.203351551573676E-017  7.799629066579841E-003
  1.312224317743623E-003 -1.483933724556543E-018  2.514913786344627E-018
 -9.613299852440325E-019 -3.148468881002676E-003 -5.182486557930431E-018
 -3.065342725034438E-018 -6.242949165235241E-018  2.361021468033542E-018
  7.799629066579852E-003  1.271924769392417E-017  7.299899112572160E-018
  1.312224317743623E-003  9.427840069157848E-018 -3.148468881002679E-003
  1.017907734265596E-017 -1.194455214690488E-017 -4.504858416981066E-018
 -2.314258924657249E-017  7.799629066579856E-003 -2.496970226044800E-017
  2.931494331718595E-017  1.112217140981661E-017   2.00090290999081     
 -1.193468883578124E-014 -3.380069144657418E-015  4.191125182132008E-015
  1.289509558568606E-014 -1.021831123642110E-002  4.134735906552610E-017
  1.154941300087949E-017 -1.032784006798674E-017 -4.423005165406882E-017
   2.00097944126661      -9.395297074241225E-015  1.562710142630772E-014
  7.164468095123468E-015  4.135214848495494E-017 -1.383166214181264E-002
  3.256672275603334E-017 -5.368494819697756E-017 -2.486888733138626E-017
   2.00097944126661       1.042326845706370E-014  1.392171083483319E-014
  1.155064406517182E-017  3.256913714171396E-017 -1.383166214181261E-002
 -3.268615511783507E-017 -4.811798407399167E-017   2.00090290999080     
 -2.184218688581376E-014 -1.032388921579705E-017 -5.369099697022147E-017
 -3.268691359575323E-017 -1.021831123642108E-002  7.076238577960002E-017
   2.00097944126660      -4.424107938970301E-017 -2.486654414264610E-017
 -4.814294756287704E-017  7.075940406043227E-017 -1.383166214181258E-002
  5.893224273969699E-003 -1.275019215021668E-016 -3.362122530633073E-017
  9.584359078281969E-018  1.337239487658566E-016  2.130934440034759E-002
 -1.001260706290363E-016  1.626303258728257E-016  7.707999820014133E-017
  2.130934440034754E-002  8.319212846188511E-017  1.483177352318691E-016
  5.893224273969683E-003 -1.937133202962498E-016  2.130934440034750E-002
