   1.83242853904637      -0.380644071830816       2.497053128505677E-017
 -7.699090757765242E-002  4.445072121511126E-002 -3.023568808518950E-017
  7.525430779281690E-002 -4.344809486186182E-002  2.474899365748019E-002
 -3.930232875259954E-018  4.434532043477034E-003 -2.560278269031489E-003
  5.109302737837940E-018 -5.741240462301673E-003  3.314706726392246E-003
   4.79422312181288      -1.349693458224106E-014 -2.236773408555435E-015
  -6.79219085084572       1.100332265894324E-014  1.731310198898893E-015
   9.79173313299993      -0.257740539669777       1.100291732725189E-014
  -15.9305920794497       0.238059921968286        9.64292656304051     
  1.730982978481732E-015  0.238059921968286       -15.6557041593864     
   2.43137457802359      -9.095238210802577E-015 -1.362767853299290E-015
   6.56644354961062      -0.215059439617175        6.44227892425587     
   1.83242853904637      -0.380644071830816      -2.497053128505677E-017
  7.699090757765244E-002 -4.445072121511126E-002  3.023568808518950E-017
 -7.525430779281692E-002  4.344809486186182E-002  2.474899365748019E-002
  3.930232875259954E-018 -4.434532043477034E-003  2.560278269031489E-003
 -5.109302737837940E-018  5.741240462301674E-003 -3.314706726392245E-003
   4.79422312181288      -1.349720562763614E-014 -2.236773421325630E-015
  -6.79219085084572       1.100343107612034E-014  1.731310210572035E-015
   9.79173313299993      -0.257740539669777       1.100302574746914E-014
  -15.9305920794497       0.238059921968286        9.64292656304051     
  1.730982978481732E-015  0.238059921968286       -15.6557041593864     
   2.43137457802359      -9.095238208945076E-015 -1.362767867095631E-015
   6.56644354961062      -0.215059439617175        6.44227892425587     
   1.83305801238555      -0.381067391916173      -2.267676606389213E-017
  7.316499033472934E-002 -4.224182686501239E-002  2.625124510130528E-017
 -6.863155415125725E-002  3.962444626413078E-002  2.477635200831938E-002
  2.981555974335137E-018 -2.834113185533491E-003  1.636276010581630E-003
 -4.106415728288848E-018  4.118455363826784E-003 -2.377791312950854E-003
   4.79518181142887      -1.349392363957070E-014 -2.238180499847313E-015
  -6.79659169093601       1.099970437189325E-014  1.733138539676554E-015
   9.78928433092726      -0.255554025884752       1.099933946008269E-014
  -15.9247300065986       0.234834500662941        9.64174014529021     
  1.733097172718079E-015  0.234834500662941       -15.6535664822531     
   2.43444982423140      -9.091613122154649E-015 -1.365762148142388E-015
   6.56332385710753      -0.211263441137109        6.44135085249710     
   1.83305801238555      -0.381067391916173       2.267676606389213E-017
 -7.316499033472934E-002  4.224182686501240E-002 -2.625124510130528E-017
  6.863155415125724E-002 -3.962444626413078E-002  2.477635200831937E-002
 -2.981555974335137E-018  2.834113185533491E-003 -1.636276010581631E-003
  4.106415728288848E-018 -4.118455363826784E-003  2.377791312950854E-003
   4.79518181142887      -1.349370679731820E-014 -2.238180508862440E-015
  -6.79659169093601       1.099986699856847E-014  1.733138545656684E-015
   9.78928433092727      -0.255554025884751       1.099944788029994E-014
  -15.9247300065986       0.234834500662941        9.64174014529021     
  1.733097172718079E-015  0.234834500662941       -15.6535664822531     
   2.43444982423140      -9.091558905920291E-015 -1.365762157062194E-015
   6.56332385710753      -0.211263441137109        6.44135085249709     
